Pulgadas: 511.8110236220473
Pies: 42.650918635170605
